1 29 
1 51 
1 99 
1 101 
1 155 
1 173 
1 220 
1 314 
1 497 
1 538 
1 585 
1 855 
1 889 
1 987 
1 1088 
1 1326 
1 1490 
1 1495 
1 1502 
1 1515 
1 1555 
1 1558 
1 1563 
1 1652 
1 1692 
1 5138 
1 1753 
1 1824 
1 1859 
1 1919 
1 2027 
1 2128 
1 2256 
1 2271 
1 2325 
1 2332 
1 2366 
1 2563 
1 2689 
1 2712 
1 2780 
1 2869 
1 3081 
1 3110 
1 3316 
1 3395 
1 3555 
1 3729 
1 3948 
1 4050 
1 4105 
1 4175 
1 4331 
1 4367 
1 4390 
1 4519 
1 4566 
1 4577 
1 4657 
1 5047 
1 5092 
1 5108 
1 5125 
1 5160 
1 5172 
1 5189 
1 5238 
1 5252 
1 5259 
1 5293 
1 5636 
1 5664 
1 5832 
1 5847 
1 6181 
1 6287 
1 6550 
1 6763 
1 6807 
1 6846 
1 6852 
1 6858 
1 6940 
1 6972 
1 6991 
1 7047 
1 7146 
1 7176 
1 7184 
1 7291 
1 7407 
1 9126 
1 9128 
1 9139 
1 9141 
1 9148 
1 9149 
1 9154 
