state={
	id=425
	name="STATE_425"
	provinces={
		15 103 249 299 445 739 903 1945 2045 2327 2516 2531 2595 2645 2724 3074 3177 3335 4140 4739 4827 5807 5811 5829 5853 5902 5937 5994 6010 6079 6091 6117 6125 6138 6170 6175 6180 6198 6229 6231 6236 6280 6281 3226 9303 9323 9324 9325 9326 9327 9328 9329 9330 9331 9332 9333 9334 9335 9336 9337 9338 9339 9340 9341 9342 9343 9344 9345 9346 9347 9348 9349 9350 9351 9352 9353 9354 9355 9356 9357 9358 9359 9360 9361 9362 9363 9364 9365 9366 9367
	}
	history={
        owner = SDL
        add_core_of = SDL
        buildings = {
                infrastructure = 2
        }
    }

        resources = {
        aluminium = 2
        tungsten = 1
        oil = 1
        }

	state_category = large_town
	manpower=617263
	buildings_max_level_factor=1.000
}
